-0.0000000002
18313.1882253973
0.0000000001
0.0265879396
0.1419664024
2.9000671689
-0.0000000001
0.0000000000
396.4755160190
2.9836740687
0.0000000002
0.0000000000
9073.2739193245
57.6933782839
1.4056160142
13.8870109419
9661.2251774322
35.8084173659
16.8132043342
104.5329068397
31.5300656533
7953.1995155527
1.2940335444
2.2269587858
0.3679504029
2750.9834158439
14.5241635935
87.7945006656
0.5619862932
5012.4098017019
11.8055790949
4.7094836039
0.0613013963
38.4726340540
0.0000000001
0.0000000001
0.0525018807
5.9505577002
4.0758362059
0.1079659886
12.9527325785
244.0756629475
0.5220222422
0.5987261609
432.5283623697
280.4917328563
6.8973602853
5.5944246190
10.0283658111
1184.5372760906
44.4358368294
1.0370601058
3240.3895918447
189.1645818964
36.8784219349
1.5680448374
42.6477449910
2432.9020543510
61.5609315317
21.8211985728
4.9409826752
18.6333357238
8.0798041672
0.1928900148
1.0713350932
862.2618679799
10.8865821487
0.1574842091
222.7436716778
1358.7415284036
9.6323856305
1.9707879976
753.0785071558
1562.7619811683
14.7396124378
34.9159304351
114.1789986741
178.8767874035
0.2450878786
0.3377902662
130.8663404356
209.4927178550
0.4584807569
0.4408861110
17.8789750515
1761.0808390984
4.4455856242
0.4878706067
170.4118800591
192.9955938750
255.6435316309
0.0807599669
78.2929205214
837.9389917754
19.4401674863
2.1848189822
148.9673420573
1010.7130730747
40.3942878648
65.0182939457
345.9210590120
59.5294050074
2.7940804982
17.3693257207
51.6903672769
5.2203553656
0.2241754136
1.1444353969
34.2266896615
27.2339443390
-0.0000000001
0.3187406012
139.1518690059
12.2934935555
0.0000000001
1.6995219345
470.7311651707
68.6352376932
9.1166838214
134.1372740922
645.5252407231
1069.1578426170
107.6414233487
48.3866522970
52.9439347899
73.1164311174
3.9494962153
26.4289872592
498.8983185328
122.0314835212
2.4269665905
3.5452492139
609.7116479596
91.3533168310
0.7306004321
0.8604646969
162.7058587995
70.4103040054
0.0000000001
-0.0000000001
0.2114331453
0.0142606867
-0.0000000000
0.0000000000
22.8634228706
21.5402350280
-0.0000000001
33.2628489062
3.5953475195
101.6903289013
1.8091965713
49.6684736268
7.7744521845
565.6956406178
25.9590284613
6.4384550866
287.0558167401
10.4711957480
95.4088212125
7.1494930636
27.6103296568
15.4292390791
2.6614765542
0.2769274189
293.5132236951
88.6398740698
0.0183247298
0.0000000000
0.0331172812
15.7325084453
0.0771673132
-0.0000000001
7.4952498280
390.9086024326
6.6168579648
1.2339752142
39.6054751088
2538.4898947761
129.4348638350
20.2926149783
198.9421537174
1890.9548388030
513.5606869276
4.3452638458
920.4283083742
805.7058148271
175.8358600138
1.4960014987
81.2807997612
24.3133799155
3.3325899250
0.1325117354
8.8775913327
50.8869044230
0.7516576062
0.0433669065
