36.6295650848
24167.5036103369
-0.0000000002
0.0311010537
422.2731084761
167.9651223107
2.2249925631
-0.0000000002
17097.2571957364
29.0943678098
0.5744311544
0.0000000002
8674.4972542620
126.4923136408
43.2713564909
15.9679426150
276.3281197923
2130.2585927491
78.9701811156
17.3577388106
260.0413213802
6758.7720090240
10.0897008577
1.0813374190
181.6800313278
2442.5631338606
0.0377698925
5.4625041188
25.3167771546
5705.5923472481
4.4052255963
16.9822596259
21.4052844393
5020.1364657659
1.4137965156
7.6763312693
164.2872333821
175.1213173076
7.1514356700
0.5877119552
73.2714393591
119.8748741186
108.7320451998
3.5319060414
24.2311894356
61.9737574440
3.9490703937
0.0000000002
10.7734230792
3137.9324036800
12.2339066887
0.1642532345
38.4961720535
4347.3475860579
11.4354967891
-0.0000000001
2608.9739126559
1502.8494884081
2.0861284513
2.9932341572
347.1200497124
100.4818868055
26.0438032507
1.5776755680
854.3886753246
81.6838803062
43.7738617368
0.2848407961
539.3439984187
6.9575142413
5.7180334863
-0.0000000001
5.9821605761
368.2529200032
0.1834961631
0.0000000000
0.0258183928
300.8248866474
0.0000000002
0.4226907291
0.0000000001
22.4751357362
-0.0000000000
-0.0000000000
189.4930748510
279.5058527879
0.3651065234
0.3044810382
59.0017628641
19.4671873877
5.3093887455
0.5010040708
228.4870459473
212.5457424882
10.3510533515
15.3330723204
0.8164696562
1276.8711083444
0.0808691013
1.4576056987
0.1508925206
837.6652199697
133.2168430610
4.7200080352
1.7678950120
453.6796807050
8.6467316398
8.9102337554
30.4397858671
18.1458261423
0.1888729310
12.3685833735
53.6638159839
671.2960714380
2.5849238529
2.6997814280
52.2889181891
162.4939936646
14.4428839721
6.4140351532
4.9592562075
614.0547280865
153.3580590073
1.1386395851
0.8335873055
571.5215838997
11.1455539587
0.0000000001
0.1299193722
68.9314751842
0.7920939797
0.2515602808
3.0540207084
64.1877917064
1.0280010255
31.0879010772
116.0694652981
379.6549784628
1.8009431502
217.4406982044
16.4098355707
136.1303010704
0.0245395187
0.7397937464
13.0747932363
34.2289412862
0.2283462697
0.9297708614
2.0967161135
151.2168356647
2.8225840490
0.4326987859
0.6631576179
4.3043045603
0.0566785466
0.0000000001
0.1055131815
92.0479840453
2.6024091515
-0.0000000001
41.0370045167
32.6037590470
56.6960470778
-0.0000000002
1154.6579122673
110.4328497942
8.0135643473
1.3669608090
33.5274928873
726.8266748800
1.8606592228
6.7845139252
89.7996065186
1427.3287763726
42.1815574651
3.8019801921
21.9024868774
1662.3000864611
27.7161839802
46.2415375720
51.2937473985
3474.6258491373
251.2435958987
26.5969516364
18.6268912798
1042.3438896647
976.8393802289
8.9626080236
86.9759611699
76.4144237121
496.7885288481
-0.0000000000
548.5074886591
73.3822753116
14.8618472481
0.0000000000
