16107.4579923251
21927.7158249681
15.2422701931
450.5866572517
12655.1334110746
5706.5056414617
0.0233136740
-0.0000000002
4609.7316221976
6.1460792470
0.0327183217
2.4549935364
9.6639386872
0.0000000002
-0.0000000000
0.0000000002
849.3743073816
18.5251328342
20.2716012900
-0.0000000001
274.4807617200
3546.9461347095
18.2792798554
0.0213137298
3018.8527031377
1051.8016099148
9.1391446527
5.4282523255
1691.8688723952
2202.3869488802
9.4860378344
4.1435055832
1348.7597336025
284.3832111414
0.1195163285
7.2903094676
1.0983553927
7.7783659234
-0.0000000002
22.8621615253
6.6087679100
1848.9157378354
43.5803465784
0.1426808075
317.5740897716
1.0388248169
182.2219237539
0.0131580130
4.8546166637
639.4494743567
17.2196156710
3.5895402082
194.5881085356
981.2658754726
142.3966851611
8.0828505591
1435.2491773345
217.1936869218
0.9595259165
1.2876383292
1326.8685655916
58.2630377735
5.0632108829
6.7520690208
238.9110872129
27.6021738573
38.1570143766
92.4216828080
105.8700794543
332.7341249345
225.4795905067
1.9628701271
23.5767795953
243.5671056820
150.4880324322
0.5971416946
26.8366244435
117.2158134837
47.0548530609
0.0672502521
13.9750058961
425.9984038561
1.2045206240
0.1957361452
12.0427518929
738.2932794599
0.1839288000
4.3467622652
44.7997490715
74.8870889527
11.1876297435
2.0911904381
64.7073314151
264.9149395409
136.2113660366
3.0061354459
52.5361405373
41.2951972369
28.9465503476
1.2379756245
1.3842311823
107.9379900695
18.8074633147
0.0000000002
1.7670020258
2.5137295111
2.2349972203
0.0000000001
0.0000000001
61.7816076573
0.7631705298
0.0000000001
180.0610951417
69.7270465153
2.1967914541
0.8141635176
63.8783215181
103.8778804116
3.4603555149
0.0000000001
161.5398252721
33.6760067547
13.1291050557
0.6643142388
2.6256945787
2.7723850158
3.2497533775
0.0705904037
0.4920774701
15.5825101967
0.3750789155
-0.0000000001
0.0000000000
0.1461107836
-0.0000000001
0.0000000000
11.8002488037
707.0287058072
0.1081465254
0.3994675376
565.3821727480
390.9071507771
0.8780252506
0.0961662279
345.3707365293
36.1606893799
1.5783999678
5.7226734821
10.4225707853
354.8101037837
0.8367285725
3.7806582965
32.0319426236
112.7742546672
0.1370954274
0.5171349401
0.4279940032
8.5773886602
0.0978646816
0.2246583211
0.3842055621
32.9089004219
0.2929865310
-0.0000000001
61.0527535718
438.3532166713
52.8249945663
7.5427885437
1570.4239208436
88.3166402876
0.0128053338
31.1448875829
81.2220216848
3.7283583766
0.0000000000
83.2564306864
130.4794102102
160.1439339782
0.5051294358
39.8821937028
12.5165642952
531.2867075255
2.8796998264
37.5744605556
14.9441065639
15.6930404870
24.4142287684
0.3018751460
26.9386112217
79.5390294874
21.1292898373
4.7169242921
495.4887444397
6570.7772631709
126.5979789142
51.6541362862
