168.6382064809
15366.3625772928
5.1920971521
7.6075724310
63.6032840742
10662.2473454025
0.2592225267
256.4047760210
248.4798369891
5627.9087212914
92.4790906993
0.3232515279
148.9776094246
10113.8252969625
45.6387912881
51.1934026093
69.6028479591
7337.8844554054
4.3163820968
14.8067852199
30.5701158659
18.3841028362
-0.0000000001
0.8077702002
0.5267217259
625.7613700147
0.0114520548
0.8374668586
0.9880352316
58.3270086127
0.0253615534
-0.0000000002
2.6531918094
19.8054087985
0.0010791980
0.0702787683
78.0553724056
68.2191045722
1.0804776792
1.1222995261
28.8253396757
181.7446936057
4.5247197949
8.8636254482
11.7645295912
305.8927780153
3.7126066645
12.1897185183
14.3190877300
56.3420364118
0.0164761616
0.1839459301
25.2863515726
22.6111369719
0.0005901470
0.0217417386
9.5933275780
4211.9511855338
1.6998646164
0.0413856682
4.4014963370
141.2903509274
30.4312047332
-0.0000000000
0.1325721464
39.0874103271
15.8753519324
0.4956384277
0.0124920197
21.1319012468
96.0592765690
6.3231886880
0.2711063413
282.6365563027
2.3858220814
8.1816072311
9.2206591350
87.2302831431
0.1115670038
37.0964729196
4926.2125820876
25.0351145009
0.1774124468
18.1766076373
43.3941172849
3255.1609584494
124.6279186895
13.7721996377
2.0366614976
107.6177214326
10.5054176970
0.0146184781
0.0904513845
215.0882004055
0.9166415574
0.0100525165
1.5772849381
232.5902991886
2.5300506457
0.1250483322
9.4842562626
455.3927551716
0.2133569533
0.0854474362
100.7014767226
394.2906845059
5.8054691891
19.5063571549
562.4551720276
777.5128894102
5.9206304822
5.6313328121
48.2987498966
583.7982142946
5.1195298249
0.5926236387
-0.0000000000
2.9719335646
0.2984824229
0.0000000001
-0.0000000000
1.3452477517
0.2177836419
0.0000000001
0.3945985683
13.0534988058
0.0600738455
0.0000000001
33.3878832370
0.7628864873
7.9645788404
0.0023527243
477.8521690749
133.2975895807
1.4535030234
0.0317341088
2750.4614997364
336.5628524382
5.5069175223
3.8627073553
0.0018278600
0.4477812768
0.0000000000
0.0000000000
0.0000000002
0.0033461781
0.0070906700
0.0000000000
0.0725855825
2.1252022557
0.0561909799
0.0000000001
6.7522334943
3.4623351984
28.5286323983
-0.0000000000
1.8954782803
84.5971232102
136.1566686184
0.0000000000
3.1424179085
0.4406921368
1.4819413136
0.0000000000
2229.0982923675
54.7272651831
2.2508709370
0.0449843482
44.6076623179
1384.4881161523
1.1730262389
0.1234304112
34.6792944038
1162.2142574219
16.6784672433
0.5707129799
75.3054803769
1703.4669052217
43.0293867880
1.7579793198
7.3545441769
1829.0084379533
1238.4994360584
11.0637566646
679.8894651434
910.5466065543
878.8339108390
0.3675562780
350.9565239243
204.9808392017
3.3601135575
0.0043710589
116.3076906790
15.5258049064
0.7057218007
0.0000000000
