18802.3504890196
36.3241124623
1.6996113059
-0.0000000000
0.6301329775
-0.0000000000
0.0000000002
-0.0000000001
474.0870947604
4.2464857537
0.0000000002
1.4746119133
12254.7822501246
44.0049538148
5.3390267861
33.3278724886
5984.4075143744
807.7566782693
0.1332145278
118.6599130748
46.6685930361
11.8062733631
-0.0000000001
3.5317315683
5109.3904046486
4635.0711939322
5.6091089340
1.8102457744
7741.3276685569
2454.9494420869
9.6220549051
60.1488505319
101.7578477064
4.3361369437
-0.0000000002
0.0476554775
1.3820895440
2680.7821269026
2.2196711026
-0.0000000001
69.6377043405
1606.8929286236
46.9072545256
3.2227018311
636.0830283842
128.1683496740
0.7022194248
8.2625122572
80.1274248530
444.1545503326
4.4129223878
1.0762906987
28.9319917272
861.9392472675
171.1024732896
20.8236008031
1152.1515442359
152.7318163861
96.0375986106
27.4872893773
138.8151568756
715.4210106758
24.7923540395
0.0000000002
41.6470112574
3287.6204068128
90.5175700654
20.4504659705
39.8612963060
224.7776218114
74.8778325609
0.0720551028
245.4657098043
0.9547475654
12.9554239321
4.6940052279
15.9919656978
214.0020656332
18.5561982186
1.1291832938
57.6771242542
203.2449801943
26.6408534659
12.6448594227
333.7461450614
23.4919268784
22.2135677262
6.6525502711
2.9553154416
136.6075469655
2.0331025733
0.7097149245
3.1391427146
65.4534845478
0.1758880988
0.0000000001
355.9549106820
37.0002425722
2.6287889335
0.2581661464
260.5039431050
10.7532424891
2.3588672424
16.8366010942
285.8529176878
68.1000651046
0.3011329432
0.8568476918
194.7935856835
304.2421450300
0.3271056555
0.3801380191
847.3619711762
54.8082388472
7.3364043075
55.5557931275
75.9164776844
13.5813230725
0.5544888346
2.4977121158
0.1231848811
0.0502067236
-0.0000000000
0.0000000001
148.3482231739
0.4600553414
0.1390321535
0.0065648394
31.1323507288
2.8290584327
0.6678069782
0.2972212817
112.2829913849
15.1066344877
0.0818382372
0.0632357956
1.2808100321
17.8105237828
0.0243339309
0.0290290247
1072.5485190655
533.0397364727
48.3523553900
85.5700143087
270.5294608572
42.7792666204
6.2210687181
7.9793873931
0.8284774824
1.9558900077
0.0126966574
0.0000000001
9.1780793170
0.4473223336
10.2761159539
0.1596918136
386.3478275438
8.7748729448
6.4718722369
0.0165584835
31.9753085528
4.6385180292
0.2352401625
0.0000000001
93.1796407115
3.7676200664
0.0000000000
0.0000000000
1268.3261127033
125.6380920712
5.0752554926
19.2499435235
19.6423296020
12.0448724432
1.6164536767
0.5069030612
160.5520150504
29.7767047178
185.3993366138
0.2200983566
520.1265782028
418.8763822756
565.1536839836
13.9001876090
1975.8200860588
86.6291136170
51.7784385479
1.2132833272
25.4730268130
1.4571329304
10.6476090518
0.0936097015
12.4638523031
4.8467647350
0.0358597778
-0.0000000001
