3.0209242666
376.7531239669
0.0000000002
0.0000000002
10232.1326798592
5.6412782298
0.1535940747
-0.0000000002
14281.0954941905
318.7493295089
106.1596760909
53.7222228873
8202.4079427103
691.1733991282
87.0883227205
4.6789911403
16.7371061581
27.3568213010
102.8836181290
4.5873509500
22.9540683443
7154.2102692727
3.0710001809
-0.0000000002
-0.0000000000
4.0315923125
-0.0000000001
-0.0000000001
7.0828943916
4744.9347582118
6.4140345417
22.5957108613
10.4070064099
4393.7298062022
125.0813622113
17.7365253811
-0.0000000001
11.0262789315
19.8567585280
1.4026458034
279.4626539633
2600.3210183033
5.0005346683
0.2637266608
19.3167409259
174.8122842345
38.9295977993
0.0000000001
67.6653608677
347.3093671959
0.7780318564
6.2776250257
4.1171480339
2475.0533033698
0.2175438419
0.0000000001
0.9705950423
2079.4435668478
2.6592188942
2.2398844568
789.7854797254
243.2544305900
1.0349694317
0.0000000000
2252.9591228730
31.7965984995
0.0500214140
2.5509934083
1863.6836667651
1604.6357022101
3.6295357471
0.0309385311
1703.9680333675
1470.1386723416
137.7795455616
0.5725347074
1160.6552287538
1231.1650354377
21.0292147951
48.9033201077
0.8756485363
113.8668251778
-0.0000000001
8.3092143962
-0.0000000000
200.1688627158
43.0068023664
0.0000000001
8.6599045747
58.8692301450
26.3904843091
0.2343870640
20.4708956454
63.5184353521
2.6129895686
9.9218279183
52.6801405727
253.4350063593
12.5475577090
1.6215631748
408.0218467218
15.5050760920
24.5891679212
2.0749054036
0.3295149025
299.0097776857
3.7831138703
16.6437115309
941.5964531195
13.1572363835
0.1019683782
0.4245153369
217.8847127751
230.9573499403
746.0093973524
0.0000000000
14.0912835203
202.2750243429
73.9325077338
0.1367625087
907.0980058530
102.4228342305
1.8462992971
12.7679020063
234.7786488469
122.0978240475
78.1461584275
14.9578870628
93.6330802556
11.9735279769
147.2264502150
0.0000000002
84.5677958953
18.4463415243
3.2134585320
0.5107541820
539.3798786309
60.0814922261
166.9653954392
50.1988508659
505.0241020448
158.7303533654
58.2231947399
0.7227477685
145.8346286047
80.4607519626
128.3674535598
0.6606046765
42.5148324748
450.5082768349
41.9115897266
0.1229085557
35.4173710556
111.3322937298
429.5029161145
1.2537728272
33.1455547434
45.1315786862
7.8464241407
34.8800218397
8.9028994850
1.8026433460
1.2841018782
0.0000000000
615.2373020148
10.1650951561
11.7612685924
1.0727841583
3760.7050099460
2875.8185520721
25.3726727888
1007.2567947428
316.9246119122
393.2751128722
29.5432355264
162.9209873554
65.8463138531
87.7148748950
74.7867174454
6.7609982497
706.3733467305
46.5579817772
36.6976790159
131.8964086808
186.9140913811
250.3248688978
57.3572290318
86.6031239160
443.4003391664
535.9297258177
357.5219780664
5.1964933292
1362.1632152379
28.8817984304
726.6511479498
0.5323204108
