35.8138203743
6169.4747295254
0.1315775160
0.1002482601
301.6421477415
15984.3754529288
19.5528720189
96.5254539086
143.6885001498
3357.7647890366
2.2255513139
1883.8980034030
189.5852671464
4285.8859744911
89.1736189132
1495.5883038781
2521.8199748130
357.5624754448
0.5430148010
52.1618685687
20.3949404782
3.4857050591
1.7542351866
-0.0000000002
0.0360992820
0.0152117105
0.0000000001
0.0000000001
-0.0000000001
1250.4171161292
0.9410029380
0.0111079270
0.0000000002
875.1488816687
0.8906677364
0.5378478885
6.9116173443
529.5523932117
0.4174269525
2.6756567431
126.5720265074
1370.2468725605
162.5882890311
18.2078054364
7.6626164929
548.9468482448
219.9181779928
15.4794127974
25.2063949620
2.3076718570
2.7303872793
1.5062965042
1.3174804308
80.6855904564
0.0409049504
0.0262858515
49.3026194821
9763.2000159933
8.0260572456
0.9777497167
49.3421346065
1173.2705992517
59.5446406371
2.8850341353
62.4663992662
684.2846594617
110.5910698764
0.2811003462
311.6813055605
39.2278578007
4.3127454556
1.8152025691
66.9479920570
65.5236641293
75.3491523449
0.0000000002
17.0231483246
26.2845448379
6.4415622737
0.0210912036
0.0000000001
0.7272045783
0.1958851736
-0.0000000001
4.6930025412
5025.3398552406
5.4411229837
0.3523562510
1.6685521291
27.1536284954
6.0893426277
-0.0000000002
4.5614902786
5.7722560377
8.9908513153
-0.0000000001
14.0615119198
55.5710678598
41.4044705239
0.3379731363
30.4497138995
10.2976985980
3.4397358210
-0.0000000001
0.1521058849
0.0000000000
0.3898186561
-0.0000000000
3.1283052616
0.0540481290
1.5321889178
-0.0000000001
1.1543739180
1.9042924067
0.8669029286
0.0000000001
14.3978933030
18.6757273472
3.7848798488
0.0514869410
79.3583786522
114.0938555518
44.8437528594
2.4133514354
42.9554412777
1066.0603735930
28.0245177523
7.0313988085
997.6245537668
9.3102799539
0.2210796513
13.2600728195
0.4642990427
4.4118161775
0.0864481405
0.1227270778
454.5501992008
85.4504863610
71.8017958208
0.2663519472
21.4407720237
623.2877893023
72.7206412524
0.1645857461
19.8683514938
16.4118552875
368.6958551765
0.0000000001
25.4489564282
8.2224047973
9.6696964045
1.2509168351
240.2419939919
192.4405281758
24.2543540473
31.6595377724
652.7559731316
445.6269830644
1.1690664005
11.9059383003
12.8611455859
34.5033150603
0.6696053180
0.6000802838
278.1228380828
2754.6828581720
846.2755976159
11.1983140358
934.2454642622
1715.8500467505
237.3703245047
35.1860251415
150.0146686006
41.8001136601
100.9765029981
-0.0000000000
16.7493901864
173.0187898515
5.5270833263
1.7149297911
215.1620223970
132.2056734811
0.0455568182
29.7430016587
141.3806913812
2957.9459395212
3.6534335634
118.5667433121
52.7783131453
264.0614338145
11.8308538973
94.0891383361
206.1555085850
9312.9041088499
323.1719706408
4.5114839964
