26.5176331235
17838.5361252622
0.0000000002
0.0000000002
7661.3168504618
112.0881886434
-0.0000000002
-0.0000000000
11973.1682476715
90.9141885362
584.7891639669
0.2049151970
466.0270207223
5579.5798171194
45.4569454280
4.3800908263
385.5064830134
184.9131292663
8.7524346635
0.9303982723
9541.2747238887
2250.9466277520
0.1321695045
372.2321684090
7.8626276045
3344.5104430653
-0.0000000001
0.0000000001
330.0762617229
6745.8756372964
54.3853382432
74.7401885814
17.8611601353
300.7631703851
86.1537578198
2.6140905657
50.9401383980
315.4510994059
27.8962298175
1.4692556558
36.9777851496
94.6293387938
17.5845769022
0.2160520785
20.6730244513
95.6481850943
1.6902265198
0.4191044122
3.7062629025
4073.1248615908
0.7805630217
6.9881688742
12.8523853976
4622.6185975365
2.9526110664
192.9393320057
2704.4662677449
3578.2049757408
10.6392432003
12.6487480380
173.2244714592
56.5094343168
28.1466066625
0.1595168275
116.9468073556
280.2108014129
2.2437522441
0.0000000000
6.5026823236
14.4674852096
-0.0000000001
-0.0000000001
143.3518713808
1908.5818518426
0.0000000002
-0.0000000000
43.4591073657
1003.7005644637
35.7989552758
104.5591684365
61.7619137340
2895.3816190919
14.3275197829
38.2738057212
706.5630836290
1587.1272203918
149.8360296819
-0.0000000000
58.3141440246
0.3957058267
46.3829429750
0.6099360238
33.1493387206
3.1663659777
5.8510565060
0.0000000000
0.2751841019
67.8161430587
0.1071308434
0.0000000001
2319.1098220326
119.5673452891
2.3115818541
15.3213263275
2103.6507867150
120.6357073929
1.1527286418
18.8449018970
1394.5147856396
1661.4891906737
0.0558473143
11.3230819418
1754.6078600271
225.8534562159
10.0098648597
2.8000403813
942.3436054445
4.9328892575
1.6243065629
5.4377503126
15.5150541167
1132.9253020090
0.6543926877
0.4381808460
9.1193111998
134.0336095347
1.8292435680
0.7614235965
818.7178128530
16.3475750543
8.5758529078
60.7007374621
163.2285846427
245.1714946435
7.5628561733
3.3417198237
50.0155092064
1283.2253468171
0.2891185276
6.8128700851
856.1690344887
81.1917902938
4.6789517678
-0.0000000000
933.5697790778
5.6868531101
1.4551505020
1.2107302206
219.6434335870
77.8855579145
11.7677517851
4.1103932321
196.3739523531
1437.9415295958
4.9508503297
30.3616521961
75.9295143205
261.8007076789
21.6004426015
13.2535167250
341.6776678860
240.6004875664
4.0350829762
31.5908498873
207.4071585832
3848.2689953328
1.0095378269
126.5215757954
273.9267511405
3.1130634814
0.0000000000
0.0000000001
101.0229313263
64.5430688681
0.4963831126
24.9348258262
780.3211623028
673.6714707337
20.1942462997
102.6338098812
503.1168549730
532.3260922248
41.2413532024
23.6798316396
391.7954893786
739.6896900002
33.2740558833
85.0072501583
367.2266356381
178.6505490788
34.7613560481
9.2991481104
570.1631215359
634.3725335906
23.1826188054
39.7890168638
