0.0000000000
0.0000000000
0.0000000000
0.0000000000
0.0927207806
0.0024911130
0.0007320829
0.0000000000
8.4971952452
1.5163028414
0.0568938190
0.0000000000
13804.0766598949
147.0830769499
29.0310058247
0.1374374866
5199.7603039198
3331.5786850165
1699.3177531990
9.1023806276
2552.9181541227
534.8940702819
1510.6624416900
4.1216887118
4036.5434477769
1176.5259910642
7.9006329974
1.2147888217
0.0318362330
0.1980627620
0.0250283419
0.0000000000
0.4863033798
0.8911953963
0.4445333377
0.0000000000
88.0819311324
182.6624226980
1.0087696077
0.0000000000
124.4371343873
132.5255781853
90.0053947868
0.0000000000
102.9849426478
16.1409053083
5.8258306640
0.0000000000
4.0905566900
6.9763411195
0.7348747862
0.0000000000
38.7410597644
11.5225402111
0.9493052343
0.0004123438
63.5518557500
847.7686268998
6.3289198814
0.0657741729
82.4383588842
72.5973858323
5.0679165090
0.0015408641
49.3188547183
16.9036642102
4.9614889838
0.0003583520
58.8060556545
27.9350147242
21.9747658078
0.0000282260
2.0152117139
0.5328703324
0.1591339770
0.0000000000
0.1769592619
1.1093465649
0.0269285615
0.0000000000
0.0469791334
0.0179796683
0.0011170770
0.0000000000
738.8947852976
347.7614223507
13.4691093912
1.1830189993
655.7529997558
499.6729598251
2.7384382708
20.3524235641
122.3203516118
103.7393471539
3.1349763817
0.6692445744
1.9224745852
18.3201618505
0.3357544893
0.3100944484
0.0425597413
0.7220792591
0.0020327530
0.0124249790
0.0000000000
0.0000000000
0.0000000000
0.0000000000
0.0000000000
0.0000000000
0.0000000000
0.0000000000
37.4344447050
277.4476784559
3.8367520245
56.4693988804
9.9793731091
53.8163578852
0.1509785088
1.6554660724
34.0851137755
111.0394901944
4.5547280959
2.8563289006
3.2343881696
221.4576849491
0.2269713504
9.4591633679
0.2594474811
255.1960411880
0.0059511270
2.0471524328
0.5981927738
1.5271809225
0.0006263957
0.1186192785
0.0729035792
43.1374043820
0.0000000000
0.0089931123
0.8086027082
202.8641956831
0.0106509599
0.4258359820
0.3918973478
31.2137375532
0.0192276584
3.5091170592
6.2175723935
14.0281279637
0.0514787789
1.6858847572
22.7626136407
17.7637730682
2.1970633127
3.7161530584
10.7546435731
25.8539674963
0.2688929551
21.5801962957
3.0687520566
42.1864786914
0.2051394518
69.8510150491
6.8714374427
307.9567086231
0.0001853687
2.6956352911
0.0000199739
46.7970177825
0.0000000000
0.0002278126
0.0139703359
0.0855295627
0.0000000000
0.0352315203
1.2805862359
0.5011747051
0.0000000000
0.1239549207
2.2909364530
40.5213646953
0.0029281383
2.5630926968
24.6395654488
12.6726177543
0.0054659817
9.1745574933
158.1284063915
6.4301014928
0.0079998828
14.9166348054
168.1477960570
450.0102916210
35.5899497021
387.3055993151
