17.5262181097
6.6368522149
0.0000000002
0.0000000001
0.5567050404
52.6526009045
-0.0000000002
5.1389679846
8843.0414373133
71.2316119836
9.8136317752
2.6582232256
101.2508124813
3.8852981170
1.8444112806
0.1932566099
13166.8873148740
166.2100478417
0.5855896775
116.4264027398
10230.7420968586
4717.0183812170
0.0889012454
10.7040919875
4459.6057578039
209.6161596957
3.1770956643
4.4098388301
121.1939745677
216.3056149969
0.0000000002
-0.0000000001
5852.6720128460
41.6610157076
-0.0000000001
0.0000000000
633.9506218283
8.5642824291
1.4349446201
3.4992033858
95.6766426711
844.9723631212
38.9308927734
0.0748950280
920.9665898455
159.1098768393
7.9563841148
0.0956230150
137.1461265112
144.7617157993
26.5569339837
3.7391199333
1638.3126710395
2085.5757150652
84.4327065615
36.2051019014
8.8171810313
3748.5474275926
0.6978792860
18.5620969876
1191.0304440865
1482.6835849313
22.8897511306
10.8493762307
1515.3329370247
156.1411770251
18.0580971231
0.3876538381
4.4824298904
125.0658910831
12.1513210205
-0.0000000001
163.4700312559
192.3099806034
14.4796527157
3.0490206172
304.1998139560
1150.4395357463
1.0062080116
-0.0000000001
106.8861701395
2264.5264619595
23.5432974668
0.3602539795
443.3819757381
2410.3823231345
59.8488327450
34.6796939957
239.1077266050
382.2676156129
58.0931406451
7.5382883957
284.5104843269
95.0816648959
79.2207936600
0.4372303766
319.0447247096
68.1979588170
0.0247099211
6.2428708025
803.6096227852
22.0765646799
55.0134300839
36.9273088860
678.2301248823
55.4746815793
7.4600978660
0.0636699415
13.2038797363
9.9752793058
0.0000000000
-0.0000000001
112.5681182975
723.9034482666
48.0490038406
2.5143275858
479.7510009498
32.2525243153
3.5874466165
2.7163215397
264.8571052669
7.1802410701
0.0000000001
63.3662401114
73.4119276069
14.1745373815
2.3898823382
0.6382079283
276.6892306871
82.6011149806
6.0244670307
4.6190204192
45.4394536069
4.8467755347
2.4694879716
-0.0000000000
0.3229550973
8.8745231910
2.0400352161
0.0149952887
1.0751571402
16.0834442819
0.2861894306
-0.0000000001
228.2436978342
1.7023113830
0.1671732729
0.1217022046
351.8475709416
5.7482350072
1.8983061978
65.8636092900
15.9250346878
133.7172947643
0.2445622176
16.8480585454
40.2302197309
1.7803407761
1.2113755129
1.1069343659
1.1817535841
5.5618421918
0.1262566777
0.8387592544
49.3265760823
557.2679056505
201.3031756777
1.4023430130
0.0498430102
0.0432444903
0.0000000000
-0.0000000000
28.8042272939
26.2567981611
0.1790745581
0.7202596759
24.6995231659
30.1138113541
0.0000000001
42.4499977783
20.4834197745
10.5757692201
0.8158012490
103.9189240589
11.9040420708
177.6986246364
2.2352611492
15.4376350738
21.2102920138
334.5431304723
27.6613924326
19.6488262503
397.8100348625
7785.2241303634
502.8414440400
29.4903809793
