227.6898090207
25538.1986314794
-0.0000000001
0.0658450442
7441.8988599976
27.9520929367
1.3356366291
33.0146703510
11220.6515593879
10.4068507887
8.6303919685
160.9078955544
1228.9869396278
558.1405680278
26.4635499441
60.1759370020
83.0438770197
752.1938521318
52.6265825193
12.7695105794
49.1170052810
6376.0775926344
0.0000000002
0.1473116960
32.1905981182
4425.7367150997
0.2457413929
0.0000000002
39.2815448199
4133.3875400242
0.0000000001
9.4738364742
49.3970785520
274.8857163967
116.3646963532
1.7769803999
104.2648349873
38.2602351448
36.5237104007
3.2662384915
174.3251535554
161.8520762503
2.0849110511
15.2553849403
19.9542320240
22.3448940432
2.6836464065
8.9613006452
25.2254202624
149.5184886234
14.0032828332
0.0897110010
90.1656677109
911.7713834902
0.1209926054
0.0429468771
140.8872434688
8918.2269398272
5.2199227438
2.8022208031
15.9911802036
623.5001701801
6.2392415529
0.0000000000
1.2217395023
53.9030591357
8.4843565186
-0.0000000002
284.3161357931
360.2585153291
-0.0000000002
73.4989972443
425.7915523222
152.9758037118
0.9623610514
1.4451172684
76.9120508015
461.7801290878
40.4485193134
0.1032545227
263.3785284991
3424.5017128760
356.7454951039
17.1725708324
6.6468662018
2411.4871560365
0.0000000000
-0.0000000000
1.0875100848
347.8556940950
1.5363938622
0.4047810682
0.8482971020
497.8929619958
97.5973056426
0.1178596128
45.5048843717
43.6597472852
105.3291009542
5.6205262147
323.9512347927
253.1528223700
6.8652912333
14.6554939663
124.0894942943
432.9812931952
5.4283872169
13.5391960843
204.0881183014
891.3315053679
14.4172290054
18.9140140544
25.9567564424
2743.8318360712
13.3101665856
1.8623952501
17.7162077388
2305.4862426320
2.4169186008
1.8886224618
-0.0000000001
831.8160632606
4.4764577606
-0.0000000000
3.8014540980
974.8875785925
2.6464262437
0.3383077536
29.9630506317
118.5198483732
34.7013190415
0.0000000001
92.8141607551
302.4169176540
0.7363860719
65.9703782274
661.9706758095
2025.4735281564
58.9152991103
188.3174274968
366.8311354077
1807.6665445012
11.6003704194
21.5323152708
11.1425329821
533.2496461487
0.6593240059
7.1932004336
0.0000000000
78.9879927745
-0.0000000001
0.5203049276
0.3307256536
1.2598373495
0.4908134017
0.0000000001
1.0389012315
113.9718654250
3.3973705770
0.4247137584
5.0005883349
95.4680707644
-0.0000000002
23.7572088532
7.9055240564
1377.3924067817
4.6238297791
12.3228556524
124.7521775775
3299.3327305116
0.0000000001
239.1578904345
45.9782499652
811.7132953041
0.2134089255
212.8124002433
4.1124934350
216.9906144958
1.6797493420
145.5213811226
10.7439145645
1137.1356816064
3.6589103737
20.3419412054
70.7061964281
6559.7692548411
68.0670829034
29.5517427185
59.6790822342
1356.7741260593
6.4432190358
7.5749180617
142.6672876388
1616.0133171560
63.1024591736
23.2681078092
