0.3160213403
0.4676006071
0.0000000002
-0.0000000002
68.3897485713
30.0770422604
2.7085037097
0.3366948682
13883.3971808286
36.3287203554
114.8249316279
37.8538368413
10831.5890373135
30.4795579387
135.6374345454
5.5340132646
5167.2169257548
16.6946871082
0.2086414854
10.2593768989
7359.6131420600
17.5243729270
2.2181721270
24.4645506355
9130.1902034144
3742.7857325341
0.0204728697
101.0417820110
42.3493187621
4372.2710126580
2.7883739108
-0.0000000001
48.4089025244
63.9633265597
0.3968123534
0.5521649771
3390.2116547363
265.7078052666
20.0606849958
5.4410861688
365.4129370811
49.7647818635
2.4096820320
3.0231397044
241.1310868078
51.8333691829
-0.0000000001
9.4079825623
284.9548553805
12.1708805010
0.0514432390
236.4473557283
4760.4576189006
1230.0083692887
0.0000000001
3052.9219308895
167.4071336568
2687.1520914618
46.6757386232
0.1806855336
151.8363044064
2330.7169640541
8.9035353193
0.0440345396
657.9374770886
41.5725114778
27.7413805804
0.5421154572
1543.4796017619
18.1536078260
13.5496612168
0.0000000001
105.8472536641
99.1160034548
0.9874711152
2.3370296384
31.5800483791
7.8559082658
0.4882695151
40.0224084031
1347.4617279906
11.6772216448
1.0632059239
1791.1920794888
10.6184924198
1355.0647724189
184.9235113938
26.7967055444
18.7231687195
90.7406639788
15.7666897491
0.0367938549
742.4938835630
4.9859324321
6.9817568504
0.0000000002
198.0800128765
445.2638639724
1.2951834984
12.6566650119
564.3002480469
5.2591594276
5.7802040800
21.4692094513
88.1968624557
0.7070036487
3.4471040153
1.3887456130
905.0498066727
168.9698684199
6.5808878469
170.0646512305
120.4381180188
199.3513738924
82.0771822766
0.0136842338
221.7725227731
67.7872071509
55.7920961477
1.8928804283
404.2600376977
4.8524276070
8.1499814272
0.0000000001
7.3219918950
0.1517073883
0.1234238785
0.0676820481
980.5733052355
0.0000000001
19.6132917705
0.8188524238
75.7205502418
0.3730346917
1.2468268931
-0.0000000000
125.0648218021
44.5053717200
1.8313034534
6.2193035223
784.7212446517
397.6469937928
57.1817399847
6.1382339695
469.6270613034
80.0099773334
71.1062091173
0.6329909549
143.3727957113
29.6685546851
1.5369255128
9.8277649510
63.7153409036
1.6995440902
14.0055614369
-0.0000000001
390.1761834826
3.2913595137
3.6823848157
-0.0000000002
3.5274152068
0.0895304210
0.2298640193
-0.0000000001
134.9842972812
2.3557216102
0.2615628021
11.2642806660
6157.8007857713
1064.8890495102
264.0670153158
8.2858666737
917.5527104048
871.1991671081
25.7617355973
31.9456874777
333.5680196865
2038.2632016046
83.7362068793
503.8471978146
593.6110141508
311.4983946313
215.5706262960
14.9729161030
155.6673578999
15.1848666434
2.9848570404
0.1288786973
4.4119551323
0.8887668027
0.0333820561
-0.0000000001
580.5877336762
0.0000000000
-0.0000000000
0.0000000000
