141.9944891613
28369.1082282394
15.0070737101
0.2244097962
0.1055644002
95.5695897957
0.1948556999
0.8803003444
18.7651270461
2370.6598266295
11.2943545968
0.0087356369
158.0087130203
12.2786072467
1.9933564154
0.5524912607
17.4409066078
231.9095004389
1.8569587726
0.3767176526
4385.2912763483
8017.6946289233
5.8433858694
2.7775055897
1423.6792083816
5789.8444358077
74.8220929938
25.3273413489
732.0301262724
4878.1806504866
11.5140456235
5.4825752150
7.5823346447
3051.2979472566
11.8533969250
0.0054177077
2.0119710356
66.0735916137
4.0724142391
0.1714876687
21.7869334757
23.9593094923
3.3441118471
0.0277178402
1101.3334152270
401.4719561357
25.6980458766
0.1294460510
134.0644842328
13.9654318059
5.0025070304
1.3956828737
690.0810502715
343.6185324862
62.2613410889
0.1105303521
209.8238409790
1000.1477863938
71.2758957811
23.1377684830
0.5302994261
73.2728103856
3.4373041695
0.0000000002
19.9025972896
179.5278502670
0.7833883725
0.0000000002
35.7550456149
525.4380589510
102.2593798437
-0.0000000002
153.5290662101
16.4272300709
365.5630136990
0.5126520205
60.7778526426
38.9650425474
3.2053431443
0.0355860607
106.2286932983
87.6772421710
8.7411592799
0.0000000001
0.6842189559
273.4711841732
4.7543475983
0.4290462983
0.0205492090
3.8322499235
0.0816737957
-0.0000000001
3.5295032643
9.2909589021
59.3657319406
-0.0000000000
1170.9134781051
46.2211169955
8.4483068687
0.0698037282
52.5584492859
9.7016561109
111.4809595743
0.0145675747
17.8157695205
2.6015290968
2.4953311547
0.0432981112
2.3538974385
1.0077704038
0.2876525890
0.0000000000
0.0006421672
103.6373015700
0.0496689049
0.0026917007
51.9818450179
4.3841985288
0.0007435545
0.0072688217
41.6100052578
1.5172354542
0.1487487556
0.8363057751
564.2965115901
82.8816584783
6.9831714311
0.3112475106
36.5992213744
39.8143757985
0.5973950574
2.0389811666
0.4811251052
0.0933546805
0.0146375700
0.0000000001
0.0002105042
29.6083751803
0.0000000001
0.0000000000
0.3300298121
-0.0000000001
-0.0000000001
0.0000000000
10.6210909109
1.0796447709
0.0029932832
0.2602573482
534.7899530219
4.2193664613
0.4051972011
1.7460784206
615.6815440981
34.8291896675
1.6353391678
441.9967674993
7.3495621943
168.3969444208
0.1606901891
7.1432185366
15.8016540193
14.1801397339
0.0039847778
1.2327703489
1.1472197495
40.7274412103
0.1188812655
0.9144258514
0.0017237584
-0.0000000001
0.0000000000
0.0000000000
4.5725691866
0.9663733294
-0.0000000001
0.0255651519
13.6018737534
7.9860361659
0.0012055034
1.2749686743
198.1791190904
5.9615233595
0.0120064745
30.6458291395
121.5082356832
307.2902767055
0.0623845217
28.1454276757
243.9031100355
1299.4719902224
5.0144723266
162.3169915663
293.6976216015
15656.8296357666
78.6282763796
32.5441073149
