0.6092576568
22921.7513666663
0.2243533987
0.0000000002
446.8227023468
9.8166012765
2.9916842089
-0.0000000003
21218.7833710188
582.3375510641
0.0000000002
26.0844340748
8711.1186385613
-0.0000000001
155.7417899245
24.9887296135
0.0000000002
6877.4594350354
237.8960499051
1.5407904345
164.4163316730
432.9966505589
1.4848353192
0.0549471195
0.0000000001
3.8591032656
-0.0000000002
-0.0000000001
17.9330661168
8248.4208728976
47.9586008562
7.1786421014
88.1535016436
125.4709612916
8.0421659677
3.3716044393
145.8533140899
38.2237704733
29.0405213665
0.0859760954
67.4417764111
187.9651193208
45.2222993580
-0.0000000002
53.5407178690
5338.4338279900
56.7457804262
0.6642722051
2.7002621853
233.8742027817
8.8606333575
0.0000000001
5.0410897083
91.3612105686
3.1756698900
0.3708349344
47.2430154177
2481.1393997607
5.3032064886
44.1457002169
1861.4215477958
161.0357972228
16.8905304736
2.0581521943
109.7970749556
13.4408037314
2.1829740589
0.4435611015
31.5982606197
226.5203907438
3.9029356343
-0.0000000000
12.3906590325
837.9266224994
33.2439083019
1.8357648335
0.9685803187
1237.0575190844
136.9380668668
0.7456164893
71.3375525158
2029.6900694397
13.0099392970
4.5214091986
3.6033309712
193.2199267192
1.3143647289
0.0000000000
514.6494531246
147.5544699355
56.2787906124
0.3166013136
37.1465219518
3.7276696852
4.5699657358
0.1813196166
23.5756325499
51.1154996794
122.5452278131
0.1118819674
5.7009750302
1420.1558187535
216.6114608691
11.1787506016
1.1930455322
703.8913460764
37.4579240941
9.5007941010
21.6560768852
2925.7475372042
5.4913952860
96.6992884116
41.3558833502
6.1261310842
0.0000000000
-0.0000000000
1038.3177714293
108.9399345876
2.4518656341
0.0000000001
1140.4298647088
74.2838899084
0.0000000000
1.0368102721
116.7904074412
63.3558528884
11.4429155655
0.8423220186
14.1439905707
66.3242122550
1.2098077840
32.3753831505
2.2515582719
362.4631235109
0.7664687853
0.0491898427
7.4164602111
4366.4588937348
20.8640494513
1.7845750589
210.2662545082
24.0115896970
0.1006115436
0.0315874628
971.1517497178
40.8620669290
14.6016590808
0.3448544103
564.1439762201
1.9933905568
6.7192674390
0.1964787977
5.9403286106
2.2371864125
0.4960986170
40.0274572280
639.7155282098
176.6771452382
0.0673199292
401.3909272352
0.1359192391
470.2101836008
0.0000000001
19.2700653967
84.3527621152
3721.5877872056
79.8648216057
78.8233836626
2303.8455223097
631.6362282982
8.3455784323
28.0885933678
3029.5615523377
277.0057675920
30.0125900403
5.1051393222
788.8774067026
20.1640345675
11.9449063459
15.1498184998
350.3126404325
371.2918875360
0.5470247962
11.0175495014
22.4838315006
735.3238130867
0.2378617006
100.6323911479
15.5955059774
23.7482371349
7.0614910086
117.9358661551
311.0215630806
1262.7988444091
249.2933591721
295.6903072806
