8635.6569956571
9953.6192297907
0.9091437174
9.4233079848
230.5046723339
2884.7267597614
0.5130222405
6003.3342206063
67.5311808496
408.8230253585
0.0937982718
218.4244734010
119.1185251693
58.8349286733
20.6402858811
0.0189197315
4323.1673322417
3885.2322304109
0.0000000001
0.5824914104
3046.6128818757
241.1846207528
116.7455766974
47.5407077165
963.5330866872
7885.6297318717
11.8217388238
12.4775601441
861.2429042239
1752.3996698853
0.1364131858
33.5310198065
1716.7075024433
1374.2989726675
0.2260903000
1222.7663592159
49.0846997261
626.8984706389
6.6622810385
330.2604282425
21.2586592108
8.3292122570
1004.2777604065
1.3596033468
304.2326748409
158.2757277267
71.0063307922
-0.0000000002
3.3039051100
23.3803752450
0.2496555949
0.0000000001
7.6418872396
185.2502714848
-0.0000000001
0.0000000000
12.1760563546
112.1584975856
0.6401006797
2.7294460584
53.4232307872
35.9161280725
7.0653303887
24.3639483228
783.7720481808
134.2963151186
275.2295786893
0.9849463063
72.4059937143
101.0099620658
125.8680530649
-0.0000000002
0.3299780814
267.8415312313
2.5955591536
-0.0000000001
2.8229504811
37.5081743206
1.8908911549
0.1690936348
2.9886402628
2701.1495294779
2.3033616019
31.1326756805
107.0456065418
2015.0632429883
18.0349864905
0.8568183026
32.9202337168
75.1637409073
22.4023914828
0.6142334735
3.8169822263
537.2368543406
702.6364157089
1.2007873211
29.1305177991
341.7636910952
26.9534138449
0.4204225515
64.4220711438
61.7357159969
62.2941323116
1.4023668615
43.1608329069
503.4049918935
25.5876563601
1.2219933954
190.6589835020
1192.0018304489
369.2258991602
1.9631340669
139.9063250951
1462.7580518569
194.2399436833
16.7393290781
5.4257470725
96.3245035157
28.3722430694
0.0789204055
8.9242508967
630.4593338276
7.1763834337
0.0000000001
34.9042604402
322.0696818573
80.2964189431
0.3947582396
611.2465718644
88.8993700113
237.1284210916
0.0519969815
19.5834397821
4.2719089028
40.0392603157
0.0420249667
171.2173056321
166.0395114196
39.3878365629
0.0000000002
4.6463782824
722.5016819518
10.4254796101
0.1174222669
9.2760305030
41.3632688111
4.5311899712
0.0217282568
5.0535130166
1.7427216724
0.7867898555
0.2963306879
86.1592992246
93.6147920293
3.8813079601
2.1444573747
378.0302438774
10.9970898123
11.5675386536
1.3107852555
17.4142652656
5.7973954905
1.5424439466
-0.0000000001
0.6942870738
15.6546580986
0.1887494407
0.0000000001
-0.0000000001
3.4429914243
0.0592589240
0.0000000000
0.0000000001
2.2792538917
-0.0000000000
0.0000000001
14.0585253813
461.2914981636
-0.0000000000
5.9059244049
87.8723746361
51.3646948871
0.3551243639
13.5352030041
442.5530309942
245.3363299785
6.8620001894
15.0685450174
56.3501686622
2423.9257617394
6.3937135346
15.8885366447
145.2754459999
17112.2247640219
206.7497551515
147.8662299322
