21709.8418365517
80.1369358195
8.8676070431
6.7317312909
9.5746373760
66.6286845722
0.8172206298
0.1635637103
0.2925559455
0.0073315458
-0.0000000001
0.0000000000
38.3006417256
6.9163025142
0.0390577174
0.1191041921
829.6156435591
72.9049632465
1.7339023282
12.6977665900
125.4022425984
2247.7599550500
4.9615627772
35.4604364235
11552.1509240586
202.8302642293
0.1829815957
87.1227577887
930.3636833003
1378.1237438234
29.2682304992
30.6027821924
9.2262096708
2.9073390023
0.2485050142
0.5984132034
4.2025151800
0.0000000001
0.0000000001
0.0002150388
0.0975116616
0.0089548586
0.0000000000
0.0328042430
11.1063374222
2.3299658128
0.0048379156
1.9010045469
21.4608901327
76.2542180669
0.0575655768
51.1365939793
1618.2323671397
167.5194066008
0.0000000000
0.4081853909
14491.0237336356
195.0482545888
2.6712290242
2.0918966619
103.6090710885
5.1352722286
0.0000000002
0.5274102428
1.4709637965
0.0248688442
0.0000000001
0.0606700919
0.0017468459
-0.0000000002
0.0000000000
-0.0000000000
0.4994542853
0.0810373980
-0.0000000000
1.4674754679
371.7125629202
7.2814526131
0.0125458507
8.3346506594
885.6633589478
116.7567069210
0.6711581160
33.4642307274
3016.3915496185
90.6977140294
0.5441906062
11.3364348608
136.4004396683
10.6172415608
0.0040330193
3.0995183083
27.0731543427
0.2215022550
0.0000000000
0.1457558912
8.0923206246
0.0010938299
0.0009385257
-0.0000000000
0.2685018802
0.0163281663
0.0000000002
0.0034943135
12.0545324645
2.3878961912
0.0137724298
3.3357925573
3226.3636623593
160.0997187662
1.1894031447
13.2532232470
2025.2721921663
52.8155270418
0.0004991421
6.5005147518
417.1293227456
15.2157481517
0.3238219843
2.5827071799
16.9013570298
1.0458920733
0.0886772853
1.2376446860
466.8301420476
0.8254784065
4.0546035381
0.0055523050
25.0106886360
0.0289128912
0.4591801300
0.0001244482
19.4739517661
1.0993076011
0.0375904491
0.2105394227
17992.7563003136
93.1543976065
34.8954788337
44.5489734728
2463.8001214304
24.3257957256
0.0200614901
1.2995860801
56.9030668192
43.3870204235
2.1880638295
3.8302826127
1025.5579496345
47.7071456497
36.9709970254
7.8211801704
268.6130446289
3.3013572861
0.7270490541
0.1081367011
1.6646258822
0.0007366127
0.0002856854
-0.0000000001
62.3927629472
5.7141348254
0.3574157923
0.0277809319
1214.7357783265
254.8822582851
18.0905506496
4.6898851397
322.6303307938
59.3522226871
0.1151600304
23.4559470747
156.0683885378
313.5611785149
31.6301538746
231.2024578834
526.1914072996
567.7766520395
69.9088936866
209.2245158290
333.5951151563
128.2244912771
17.2425109245
0.8952221203
15.8133177799
0.0467015699
0.9658663254
0.0000000000
107.5197472969
22.5153077167
3.4581550060
0.0081051644
5294.7022205743
708.6534569037
14.5662692402
5.5235325501
