-0.0000000001
10590.9710478273
-0.0000000002
-0.0000000002
0.0000000001
53.9472604463
0.0755933405
0.0000000002
13542.5241427208
223.6334017947
4.6394446009
367.1417915169
16089.0374052867
3554.7855664778
487.5501443105
29.2951613984
96.6002299591
30.8942811751
3.2075794826
12.2858557447
7826.8265658288
301.7763669208
29.8839209775
55.9551142087
6270.0182995203
7051.1222519909
0.0000000002
353.5676914926
87.6287036458
5362.6435661742
7.2273952399
0.0000000001
42.8375817807
25.1846384974
0.7674066008
0.2518158513
0.2236247934
75.9166609276
4.1824412104
0.2004957683
125.5989693701
3942.7903019824
16.0537007412
-0.0000000001
11.6116439984
2767.6531250310
5.0942478432
0.4690325016
139.5163327854
85.2215928005
0.0000000001
15.1282353239
198.3958009514
2834.8197826824
61.1103146736
2078.6976592639
5.6663687836
3206.7651566844
116.9109672810
27.0502032833
122.4784494791
48.6627973758
0.7531226681
0.9814798395
1372.3016395530
26.4793280792
3.2536794439
9.0624588389
228.7428474159
58.2953690601
0.6413378347
5.3064611196
4.4701396707
1776.8757313744
3.5239276190
0.0000000001
1.4475993199
1928.7530505109
-0.0000000000
21.5290134942
189.7653715910
1507.1647598369
0.9095776512
102.7352884984
-0.0000000000
1013.3025367155
2.3813702637
0.0328107337
107.5597344900
1642.0758670382
1.9407348651
0.0000000000
184.3742929698
93.0520003111
46.8591657939
0.3766285844
70.9436689469
174.8766293227
8.2144147836
0.9984389611
0.5878975924
51.5660000096
5.7759306102
0.0000000001
21.1778558212
1154.2568057254
1.8769429746
6.5287091367
1027.8479986134
851.0806001188
2.6051402648
13.1150628422
164.5850627659
1082.1541215953
240.9333965369
0.4917854778
65.5741583552
157.3749573003
34.0742049836
0.0000000000
150.2480195520
32.5480521913
63.8932187884
0.0000000000
922.3522515596
718.0205306894
9.7821176238
2.0990418837
306.2377318297
7.5201621677
7.9118648745
17.3096270690
289.0563636996
134.0171962381
1.6540964983
19.0981033025
405.9717899376
294.6361640450
13.4499861631
23.5098571252
662.4475169037
212.3030280152
15.4631633008
1.2113559348
811.5365912104
20.2274186172
10.9740705080
3.8937666283
792.6997642758
25.5413910211
6.2630057625
0.1545974129
214.0471951857
2.5071712519
2.7750413967
0.0609394145
11.3490008688
0.5749944308
-0.0000000001
0.1462654276
72.2111563625
10.3697622992
5.1748370276
1.3329183307
584.4397568830
39.5491347913
27.8659031974
1.5329058302
1124.9347846918
330.6247194002
2.8543281911
37.2138784298
82.9825450539
587.2838486540
8.9904485369
98.5931531014
551.1634397806
508.1319702102
145.7655971871
16.6810918240
176.7521165413
403.6407885989
43.3861805875
14.3698566179
318.8132668169
1280.4305230890
35.0041413924
33.0783969062
45.5284919527
172.8167983146
425.7814606009
14.5881768978
568.8529694990
78.2589116262
259.2240236560
0.2923289605
