33163.3056604846
19135.5973874554
10.4676657295
49.8041593542
7992.4032221868
4280.8351930532
1.3334536605
6.3281263305
451.5429015991
359.5326401369
2.9178242024
4.3403060391
262.6416976117
37.7475378356
0.0072407196
1.0087853008
5.3955633263
0.0011169709
0.0000000001
0.0004811367
0.0000000000
0.0000000000
0.0000000000
0.0000000000
0.0000000000
0.0000000000
0.0000000000
0.0000000000
7.5043255333
2162.9582361096
3.2732034439
0.3543006160
0.4728608789
293.4534013651
1.4786697518
1.7696067630
14.8667184689
9.4673276244
0.0021366346
0.0698100043
33.8359180746
0.0252894815
0.0170511904
0.0058750079
34.6373447117
0.0000304623
0.0000000002
0.0000000001
0.0000000000
0.0000000000
0.0000000000
0.0000000000
0.0004215434
-0.0000000001
-0.0000000000
0.0000000000
3146.8268886232
226.4108372040
1.8611427574
0.4381689059
24.5537880120
36.6155075107
0.0891318879
0.9983074168
80.3580265645
2.1326819147
0.1472372691
0.0313056475
1.4388804010
0.0913876937
0.1951949960
0.0132517652
0.0046446445
-0.0000000000
-0.0000000000
0.0000000000
-0.0000000001
0.0010196048
0.0000000001
0.0000000000
201.3537835024
0.7841730648
0.0014968504
0.0000000000
3.7756777435
1405.0116340250
1.1181206303
2.6915174960
674.8712198049
27.5736894520
0.2559732101
1.3248374092
23.9420444433
1.2474995349
0.0473518682
0.1650947735
4.8750867521
0.2349557398
0.0586676316
0.3998360750
0.2858267594
-0.0000000001
0.0000000001
0.0000395900
0.1834960241
0.6434463119
0.0418013425
0.0000000000
5.1760959518
81.2805414452
6.7774900210
0.1256149360
706.4630468194
776.8808939403
0.4514304807
0.7363888404
69.6064791249
122.4546144378
0.1036757964
2.6740684566
257.4883592359
12.8108801707
0.0103993970
8.8229383774
94.6828230644
2.5509706816
0.4239225108
0.0218304697
0.6014633340
0.2159074394
0.0625452122
0.0022528052
5.9621610504
17.4177940059
0.6934848512
0.0000000000
909.4296599202
428.7971474091
92.8088038449
3.8603284873
72.6673278686
157.4845972790
0.1506323316
8.0452884203
288.1609017287
61.4474546116
0.0031409982
1.6889453447
40.0827575955
3.6662922497
0.0346615682
67.1768275987
55.3502303426
598.8647388534
0.2777472620
6.1482976090
20.7280529367
18.7173020736
6.6727902904
0.9022887271
30.9728425339
19.9720381992
3.5994661824
0.0748716457
1145.3527439079
1808.0334760397
51.6604675597
1.9192378396
196.1973056760
151.7502753619
0.0001954741
4.1307952971
209.6247713144
15.3542501216
0.0149548289
29.0144353785
86.1184883746
57.8815445658
1.6620154203
42.7066654363
380.7475822720
115.5297309302
9.2896991890
13.9112406080
168.0197762179
548.5792407350
23.0659784567
10.8128578305
104.7440766674
107.7411918622
18.8760867550
2.2666353087
544.6907616790
9805.0289157977
126.7228306406
11.4372652846
