9.4663772548
43.0347814781
0.0000000002
-0.0000000002
183.7094004195
99.7459098782
0.5326400152
-0.0000000001
279.8553654925
97.3684818393
1.9381967161
191.4704044035
3173.6159436023
436.4870080427
0.0000000001
14.6449263119
2031.4264990290
83.3739085924
18.9541138979
26.2074701183
78.0386103891
329.1929961023
3.1087685086
0.4206074781
1567.7360413940
17203.7008144805
20.1844303382
29.7050227522
-0.0000000001
1002.6697214621
0.4495180054
0.0000000002
63.2051063623
1251.2227563570
0.0541986191
0.1481720383
1091.8592234502
464.5017770821
0.2090771547
1.6186128020
321.6527432313
34.1422263641
0.8307827336
31.4507657440
18.3841836724
111.1256363665
3.4110614909
1.1501474064
167.9834860964
5.4721822256
28.0118146447
0.8012561491
600.7660806048
836.0096412828
116.4235160398
2.1573435946
101.2630473141
7852.4931598757
8.6805332161
21.4001586622
3.0046303914
359.0534998719
66.0565011705
1.7913921850
21.9432649462
429.5693565197
7.6299626224
0.1701067467
67.6017027310
16.3005685175
6.4030381419
19.7109850194
372.9431732393
176.3728293724
4.9048118573
44.5309264586
37.4789202554
223.9034700336
17.7482031941
15.9129967483
40.6936600114
704.5155843801
1.7200187658
1.1902713903
10.3712848793
10079.0948895133
12.6880502554
0.7374600662
0.5770557195
702.3079495519
11.8198293888
0.0915770357
0.0983193605
29.1017170061
0.3789461993
0.0434888997
1.4310160895
5.0391653679
0.0809144674
2.2403133618
299.7310312175
2.5186849601
0.1388097975
86.6453908498
115.5441253125
764.9930682196
57.7229954284
13.3157295170
610.1253941801
6546.7930632694
32.1682060482
141.7739423064
8.2665657287
551.6004386241
10.7853606552
6.6254325685
14.1080420948
55.1146477644
0.0168123107
1.3432466621
-0.0000000001
1.0421967986
0.0118510753
-0.0000000000
0.0000000001
2.7189830760
0.2782837976
-0.0000000000
51.0001574091
121.8238076977
3.7290844385
1.4391237220
49.4439877937
34.6838242652
11.0829412827
6.9372973091
314.1928996830
4686.8030044971
4.3345220691
2.7898938409
522.1080319007
2387.3222504406
-0.0000000001
174.2817613935
253.7431483662
203.1066409566
3.8340279108
124.5238989182
4.7969838170
240.8592898186
-0.0000000000
4.1020922486
0.2250728814
8.9208121697
0.0000000000
0.0000000000
0.3432286049
0.3200558281
-0.0000000002
6.0881659316
0.9574520218
9.8420325564
-0.0000000000
0.0227441727
10.5026374916
155.6091576217
2.6033792836
0.6731722927
136.4973812903
5476.5382688233
0.0000000001
25.8187340344
26.0893471687
2759.5846412700
0.6128356350
80.8079743791
4.5281844268
665.3130475708
0.1772811612
89.2417458306
56.5210626474
1409.6153621896
0.3017922423
42.1182295214
76.0269809585
4039.1701637066
48.9480256427
23.8861758480
61.9968564979
1245.6780508282
7.9772346732
14.8769527773
263.1257656114
21527.5065430520
71.4025242798
29.9093318152
