43.8450001600
14467.9171250111
11.6018430613
0.1177050018
57.1517698807
1.8055009316
1.7151778951
0.0071494842
60.1691840981
8791.0773477605
1.5967796552
0.4755035890
1.9117127386
273.8109763316
0.2766226173
0.2410301913
11351.5109268907
3837.2223964622
0.0567772164
3.4034958348
386.2300144383
5289.9804076849
0.0261172047
0.2243065885
942.8501382233
639.6124795249
-0.0000000001
4.0877614061
1723.1424511616
2702.6002995693
254.2085331196
0.7573532906
806.9619427532
482.3472690879
3.4814620011
0.0035885680
39.4246721374
44.8589544090
0.1049088989
0.0797168817
1.1625954400
19.3043698246
4.8505896784
0.1225038299
20.7005757417
237.9680309606
0.0996175777
0.5851901837
18.0089756375
53.6121611535
0.1457817467
12.3494049992
30.9925470631
206.6349875010
0.1932343384
3.9066275757
1140.9396313012
886.6433510158
220.0639837677
23.6562735390
13.3672680664
1.2419823549
4.3305714159
0.0059058308
32.7807114527
178.7461954577
0.5972273836
0.0003979570
0.5387896195
138.7881951930
0.3229932859
0.0000043882
3.2406550716
14.9494901621
0.0120216066
0.0272768370
396.2780436711
1.3722160799
0.1555196841
5.7014555326
604.8233778556
165.8502533165
0.3828433284
10.6166639171
80.3280066215
778.9954832872
6.2844913455
6.4007073548
2.6478565802
88.3235721727
8.5217216856
0.0001504444
0.1647004304
0.7146795309
3.6352558918
0.0000000000
0.0014049891
0.0665327840
0.0032493809
0.0000000000
0.9485297398
1.0891921753
1.0200244189
0.0000000000
108.0546917731
9.2675375550
21.7173641405
0.0329554297
1862.8599233248
16.1883095939
12.7839652671
0.7368652812
4.6547481407
143.7863384173
0.6207654359
0.0524656409
0.0420331059
0.0621063173
0.0102083079
0.0000000001
0.0000411309
0.0008916735
0.0044373708
0.0000000000
0.0887500955
0.8452174378
0.3379738405
0.0000000000
7.5192973254
0.9682806558
25.5835975058
0.0000000000
11.0885943313
16.8595439538
86.1542569422
0.0000000000
2.7315417018
26.7989434319
2.2881119747
0.0000000000
0.0013797829
1.5339351580
0.0000000001
0.0000000000
0.0020955030
0.0223994613
-0.0000000000
0.0000000000
1.4713554968
2.1049573843
0.4497921439
0.0003563405
17.3892834349
5.8390036328
9.5870656947
0.0158552207
130.8797056392
362.5201451530
46.4163027104
0.0000000000
70.5808504379
53.3625512552
29.7273302105
0.0000000000
92.6032962677
37.7281806856
7.9631038343
0.0000000000
109.8180182295
94.9824513727
-0.0000000000
0.0000000000
36.4539848336
7.7428244782
7.0449427568
0.2896282833
300.3671730553
197.3702817541
66.4778268436
3.1162918353
294.5926515850
1229.1022045181
51.0825008093
17.1485576380
553.5901475443
146.1525544007
64.6334942969
2.4892218082
38.8759354983
116.5062869694
26.0275432565
0.0141991237
5.2440903074
10.1463435557
1.2651646182
0.0000000000
