13189.0312323956
12188.2922080225
36.3566053334
2.9759644011
3944.3851226462
19.9792373119
10.2445931069
24.8719975254
27.0043493470
17543.6470829613
12.9115521886
11.4436043939
230.6481536419
43.8488310469
0.3773695560
6.1947330840
110.5705893866
3001.1202326913
8.9946480112
95.6499326945
132.0828129891
6763.6747696003
0.0025427368
11.8244605545
489.1111494895
764.2792203917
0.3085750529
53.0657474255
92.2046115501
3660.3086975513
1.0276223048
1.5022384561
4.3387425275
259.2191075475
0.1741149901
0.0671128555
2.0304258426
8.1499342821
0.4711986487
2.5156919390
1.3709196879
88.1526956279
0.3013878476
1.2773382344
23.6085345185
319.3285949016
2.2492842514
46.9925639778
136.8451833029
163.4854726629
2.1020527029
8.6830701203
103.8067362940
849.4330493197
22.1780079874
4.1342956764
0.0000000002
78.2397698327
0.0131555402
-0.0000000000
-0.0000000001
1.1566964588
-0.0000000001
0.0247809946
0.0114529535
6.8119519848
0.0007954173
0.0009888696
0.0070595461
77.2438486704
0.0050451108
0.0210498617
28.0551670476
198.6080464304
0.2776042307
18.1001245102
7.1696622521
58.8792766554
0.0095443116
0.5472762105
17.1190607432
424.6486196472
2.7160833564
1.2545815970
10.5120968895
253.0603036219
0.1590192161
5.8143971356
0.6103825250
41.0527252762
0.0180611775
0.8994385933
0.0440140791
6.4441347087
0.0000000002
0.0013987492
0.0000000001
0.2447530475
-0.0000000001
0.0000000002
-0.0000000001
0.0625513332
-0.0000000001
0.1964222130
0.0000000001
1.3781003303
-0.0000000000
-0.0000000000
0.7995197427
19.7383245184
0.0282576757
-0.0000000001
336.2993222374
1104.5682008447
7.3179689390
7.5538173450
9.8370171531
367.7197093963
0.1450285525
2.8484843188
30.7532994578
83.5709614666
0.0000000001
3.2406174333
0.4473727686
0.6567971112
0.0000000001
0.0967543815
0.0520296257
16.6440486624
0.0036438599
0.0004650375
0.6986061388
10.1468015050
0.5181232321
0.0000000000
33.9949760424
654.6746089866
1.9506830054
0.7899572700
1018.5179527184
2336.4582275922
0.9442336552
150.2819293836
194.8864701885
451.4424493751
0.0742461598
20.7185039421
29.5411920933
18.4497131220
0.0019565965
30.1515827514
5.0235829200
189.9163767930
0.0422504199
0.6663089822
3.9395207342
65.5834653582
0.1245767071
0.1397402965
15.5330444513
141.6743342380
3.6824294089
0.0152219195
300.0494041678
896.9342163726
4.2410668606
14.9877898113
1562.7701808889
1473.1710849703
3.5806271053
1.9995350688
70.8626707009
544.6232708946
0.0329923799
21.3116635519
224.2584131393
102.0358300164
1.6593337130
5.6439215655
40.2562776650
60.4769822384
0.2155701464
13.4441386122
122.0477737334
58.2171759216
0.1080859103
3.2692633382
36.7824014532
384.5525548746
5.2076058398
2.2167668745
672.5321720817
9640.9654608201
50.9280529938
47.9396755402
